464
277
97
-397
-159
-199
-497
-448
-373
-173
427
344
408
215
-356
173
-301
82
492
-218
24
9
-124
356
352
-285
-426
-474
-138
-402
307
-488
403
-418
410
322
-224
-168
248
-445
-205
57
-285
2
90
453
-61
-488
457
-297
-130
479
416
-115
201
-473
-415
74
-24
-343
27
-71
-398
-7
139
310
168
-241
-296
-176
-76
-119
343
-109
27
476
481
-245
219
80
-76
-409
350
-96
-46
319
252
-305
493
432
429
-209
304
-51
273
-118
214
488
254
199
-159
-405
44
319
-180
-316
279
-343
64
-327
-86
202
-488
237
-475
-443
-198
-237
-346
-341
12
-242
439
-134
-414
358
377
-454
312
-418
201
-378
-245
-330
-161
-170
343
44
449
-450
6
485
-113
19
206
283
-447
335
323
-199
-492
-42
51
91
-75
-402
254
-73
-318
410
-483
-266
-272
329
-472
-283
-19
30
-62
-238
-175
54
-144
210
270
-140
-137
-86
11
-186
-164
469
15
-487
393
418
-449
-158
-254
39
-350
-337
-121
36
251
-181
172
-365
370
-99
-150
118
-379
21
406
-438
339
466
-363
-175
35
276
-164
243
83
-432
431
248
270
56
-128
128
281
178
270
437
-83
366
474
165
-282
495
2
-160
360
-422
-436
-434
-19
-41
334
84
342
-165
-322
-311
-136
351
382
476
216
351
-424
185
-94
324
-238
-390
-427
324
-467
-38
-182
496
-300
232
-245
-235
-54
-445
125
490
-253
329
421
-67
-367
425
-69
-173
-310
-385
-59
-118
-108
55
425
478
218
-269
-198
-323
317
130
445
414
70
372
-431
-38
255
-89
1
-413
-476
347
-495
-165
-423
148
278
-480
116
-295
277
-196
71
-141
-154
282
-124
-186
-442
-468
-418
482
-258
206
-273
-424
-395
-93
360
-449
10
438
217
-378
-210
-84
-154
-385
-425
55
-324
482
270
423
462
-102
34
-160
343
-89
33
183
-35
-153
361
-173
58
43
-137
-409
-90
-479
-8
-162
-377
-146
322
-342
326
467
385
-159
-209
-489
179
110
213
-404
299
-241
-405
484
231
53
-137
216
383
-267
110
449
-475
-114
50
97
-254
17
-211
-494
-381
358
-206
-217
32
-215
-368
370
-158
123
76
39
-411
131
80
-27
290
199
436
-260
-407
-81
73
59
409
-399
-310
-426
-14
-132
-77
184
73
206
-439
122
-75
34
-443
-5
426
52
-7
118
494
52
-226
-365
132
-287
224
388
110
97
-62
-135
235
154
-36
-285
-60
-327
234
-337
352
-357
217
-84
109
182
-156
256
72
-414
230
-280
-234
-177
-224
447
-334
-291
-334
-60
432
-360
291
-200
-242
-241
-234
-472
224
-323
-157
-133
-152
-401
341
433
-397
-468
-447
-284
-383
-79
282
453
141
-336
193
107
-140
-119
-405
-399
-70
436
-200
361
-252
293
91
311
-485
-339
22
407
19
114
-39
190
-491
425
284
-463
-292
-217
461
-476
-66
97
470
-319
-242
68
256
124
376
414
-218
-343
-86
308
-355
-226
162
-240
238
-55
155
-389
-348
-35
-352
419
-102
-426
52
102
87
386
-408
-66
146
-225
-8
-194
-155
-25
183
129
355
168
309
145
-496
315
-275
-335
229
223
-215
103
229
-289
-331
223
-182
278
481
490
79
-375
-382
-233
-459
138
-36
-100
-21
156
415
42
-76
489
-430
-443
-100
327
484
487
422
265
-240
196
56
-327
243
-180
283
-23
-156
8
286
-483
65
-483
-336
133
304
-474
290
-283
-482
-294
446
-308
14
140
77
-397
-255
319
352
-284
257
-461
255
-252
174
-441
-460
240
-488
-306
347
-236
-176
153
150
28
-400
-89
-92
475
483
209
90
326
427
-27
-23
-490
83
-290
377
117
-208
-109
-247
96
-376
-273
-118
-420
-405
-436
-359
303
-462
100
-100
344
-379
-116
50
322
450
-66
218
-40
129
117
-435
-163
-94
-79
242
15
-424
-468
-498
-214
170
487
342
8
-197
-413
-3
-109
71
472
-372
160
95
-140
208
-327
-415
-15
-180
-405
-224
261
210
-302
-154
458
-158
-469
214
-310
-91
64
299
-130
-137
349
76
-170
-89
-296
365
-455
270
141
172
345
-283
-119
163
19
-442
-34
-94
-232
-282
-217
192
-145
-115
-145
455
194
-248
362
-76
-134
-11
259
312
306
-208
-464
-384
-62
497
-389
-64
-88
-154
163
-218
259
285
-300
333
389
-237
-5
-421
-135
225
289
150
184
-315
232
-151
345
10
-243
301
259
179
417
-300
-98
-100
-64
83
-3
-134
277
-317
66
-73
395
225
-16
127
500
492
-13
-80
68
-483
459
-187
-464
102
-153
159
-285
-276
232
-306
15
-32
435
-35
194
154
-315
-479
-469
136
-478
-326
198
422
410
368
186
-390
-388
-103
45
-2
55
131
277
385
-341
347
80
-272
-227
-451
167
-362
-93
399
-363
-313
-88
-206
-488
457
-223
-359
-248
165
-364
-117
147
-144
-369
111
421
117
-487
-447
265
-93
384
-224
365
-216
334
-434
-102
-125
466
-442
-84
258
-347
-375
321
451
440
-257
-460
-170
-380
-338
-173
-259
-53
6
-244
-278
-199
-185
-193
210
-366
82
380
-76
-457
-135
-82
415
-66
102
-80
497
14
-277
-394
296
305
349
118
-69
-1
11
451
416
245
-12
-91
-238
-73
409
-415
-376
72
-444
-81
64
-202
-350
335
120
290
-305
365
162
-158
51
-218
248
260
190
227
225
466
-274
389
226
-397
-440
239
0
-137
-491
-443
-394
-232
159
-136
212
13
24
-462
-24
-153
175
314
-28
-212
-265
325
-357
50
237
-363
-493
298
-465
397
151
4
-336
385
-179
354
-298
-470
248
-368
346
-394
-356
143
412
-340
-500
-350
-263
306
474
191
500
184
371
-87
-215
-65
-155
211
139
359
-477
-149
-363
192
-457
-289
94
-457
138
431
-190
-458
-113
37
-256
-382
-68
217
-410
-91
-82
-430
-459
-40
434
-275
-37
74
231
-90
-104
-426
-355
316
299
-251
386
-114
-23
-453
175
-411
398
-48
-192
-59
417
188
-61
-4
-40
492
-484
420
-143
-209
-135
201
-388
-315
-67
-158
346
453
115
-47
177
322
-339
-280
292
154
-41
-147
219
70
-66
-475
-92
-160
-451
-356
-153
33
-227
136
-457
-216
95
499
36
456
479
38
308
-306
289
-132
-323
261
-103
207
-451
149
425
99
-116
-132
458
35
250
456
453
-185
297
-211
449
244
-188
-350
-417
478
-230
379
-234
6
115
-226
293
-400
103
433
-53
-40
-56
-313
207
-71
-22
45
-157
-351
-259
-95
-295
188
-269
-289
400
-440
-101
-213
-123
-399
471
-442
140
-106
483
-184
-410
330
-496
-142
196
64
-311
470
465
-203
-422
-461
103
185
-386
221
411
-184
-384
-87
-339
-200
256
-21
-470
317
212
-77
57
-310
480
-52
253
122
-203
-121
-251
388
-402
-335
176
-92
105
-177
-208
-132
-318
-299
-42
-497
-303
-394
-103
-221
207
284
-492
-59
-392
-75
-211
-234
489
120
-347
67
21
451
153
-487
-19
192
-44
319
-215
392
-301
-449
-473
-317
57
-15
34
-343
15
134
-190
-190
-95
314
-228
-466
-466
395
325
-393
-78
-368
135
-478
-125
-31
-461
-341
20
-257
281
92
6
26
111
-207
208
34
-130
-150
489
111
-239
289
-65
119
-93
-367
-462
-218
-220
-438
-318
-127
483
-315
-425
397
-86
-393
-212
-92
-120
382
-292
489
-2
451
248
-101
-86
366
-166
168
-456
-404
-439
-247
-268
279
437
376
-48
-59
-209
-28
249
-50
-239
359
339
218
117
409
-203
-309
-382
414
-72
-308
453
90
47
-401
336
-326
449
64
139
-402
470
-103
209
407
338
121
-295
253
-123
-17
-282
441
-303
-377
-47
-17
372
-265
-380
397
470
-273
228
-245
264
86
-316
326
431
-401
-83
22
261
204
250
-22
-497
-358
222
-53
-90
248
-186
269
-362
-95
153
-125
58
-341
306
-308
115
-103
217
-356
-437
52
-417
147
-260
-115
-374
136
-293
-488
-340
79
284
-411
274
-117
-346
171
-93
205
-171
159
-207
97
-162
113
278
27
186
18
140
-257
6
-186
-327
431
-145
-445
430
85
313
247
365
83
339
-274
-56
-207
474
-106
-289
387
-472
-138
-128
333
-176
-494
-6
251
-435
-376
-465
374
-353
298
499
-97
135
469
98
258
-373
420
41
-128
452
-24
-269
340
55
-401
-27
71
-112
-455
472
-343
190
235
211
-224
-461
432
38
13
-33
168
283
-87
447
90
-209
299
230
-22
97
3
113
-489
397
-4
382
81
496
104
-222
325
-495
-186
-263
479
128
242
-70
164
456
350
120
286
199
-208
-285
-178
-62
498
-354
479
125
473
430
-12
-400
-35
-84
-370
457
-16
-191
190
-289
-34
295
103
83
-67
500
-244
237
-70
146
44
256
374
205
-302
125
62
-326
486
-200
-154
-250
89
-22
-10
272
-365
432
417
-55
-438
-314
-440
317
-109
-226
-14
33
66
220
450
-413
177
-272
360
286
75
458
52
-236
-254
461
307
104
454
-183
-177
256
61
377
-34
215
416
-296
121
-215
407
-159
-120
55
-113
-234
-222
-76
-351
-321
218
362
-489
-91
92
195
-448
-385
405
133
320
411
460
-29
71
-289
453
-197
24
-308
208
-89
-160
339
-392
24
-95
-317
-112
-466
-289
245
216
-337
-215
274
-332
-29
-221
173
-482
-283
-10
188
-249
-182
243
188
-238
-4
123
339
187
210
333
458
182
208
-128
-333
198
341
-359
279
-9
293
121
9
-249
304
-312
-21
486
393
-213
-125
-497
441
315
-137
-352
383
-35
237
-316
-228
218
160
-62
82
147
-95
22
-367
-148
-27
348
-253
220
219
488
297
409
387
-434
466
305
17
-375
200
389
-61
-413
-460
-145
-397
-451
302
-480
-85
-29
-301
-216
-290
-162
-265
-79
158
197
-357
-262
477
365
-165
308
-12
330
40
-345
1
472
-298
-419
-298
-118
497
122
235
88
35
113
463
391
272
-107
-181
-244
303
112
-58
438
-89
473
-246
389
-11
405
-259
-343
421
-11
187
95
-66
338
-341
441
452
138
-150
-500
-212
469
377
195
164
-115
416
-402
109
-203
396
111
-171
347
-44
-71
24
73
48
216
442
131
328
2
-327
274
342
268
-185
276
371
-38
155
-342
160
-387
-33
224
-76
411
-178
-65
-122
124
-425
-226
105
189
-39
395
323
452
9
-302
-149
-483
286
-47
421
494
165
-373
-338
165
86
60
38
34
182
32
318
-131
-303
-9
28
-138
401
-209
-155
-491
-419
-205
-74
404
230
-396
-35
-68
102
-285
28
175
216
-448
-52
44
-267
145
396
-428
-258
166
-172
246
-112
-460
49
311
35
-217
-159
51
-304
-112
204
268
233
-24
226
-382
-368
53
171
23
382
297
-13
477
447
-150
-433
269
500
-454
493
474
-179
-17
338
-280
-356
428
-308
-472
-26
-90
49
340
245
287
-204
-324
197
98
-487
306
221
-488
-272
-163
398
-328
-208
339
-43
152
261
191
466
-496
292
356
386
-256
87
116
359
294
-5
-275
310
137
-110
-116
-371
-391
-7
228
398
-214
-385
-432
-115
74
-58
420
175
-44
264
-255
458
145
415
322
-378
-181
-455
243
42
187
311
-231
-472
31
355
403
-471
259
496
476
-468
-38
188
-491
442
428
-44
-484
-217
404
323
362
-427
344
-476
-108
-198
438
142
-174
45
-280
-255
-379
385
-81
254
320
-410
-229
-348
61
349
-343
-79
239
261
-132
-45
463
297
-185
-401
-30
-157
-482
163
-453
292
-163
-422
91
59
-372
-440
200
353
208
-363
-470
160
52
453
-318
86
270
351
-6
389
365
-79
-288
-429
-353
237
-341
-193
-208
131
-291
-193
16
179
37
-220
391
184
139
336
-248
-270
250
-182
116
164
-294
356
220
-89
-276
186
365
-208
385
-201
-16
-202
24
-443
300
431
498
-40
379
23
257
-302
-207
487
355
-390
-139
42
20
323
-192
264
132
-61
-134
-116
-29
-400
167
107
-247
-356
397
-473
262
253
311
-245
-266
-417
-143
141
-398
-415
-12
416
188
-239
-317
-322
-118
277
-16
172
337
23
420
-494
224
451
496
-79
-77
-289
387
-169
325
-119
-243
-125
354
467
-95
464
-91
-491
364
162
234
471
-235
416
-399
-256
80
-317
-436
-199
416
395
181
-32
-129
-230
-430
-99
-457
329
-206
137
-158
-315
75
-243
492
333
-266
-197
319
198
375
146
109
424
-34
81
-96
-372
447
-160
76
424
-131
376
296
-50
-34
-329
-486
351
447
-46
-470
346
476
214
-136
177
268
139
-83
-399
-72
-167
337
244
-402
-229
-160
482
-178
17
235
186
471
-414
192
494
-327
33
-459
-185
-54
376
-457
-452
-145
-110
-197
-29
475
99
140
-480
-202
421
135
297
-458
-188
169
-404
465
312
412
344
455
-407
-285
360
-461
-85
-316
100
370
-378
459
212
-115
88
-421
146
-238
434
235
-313
125
-455
-497
-46
-72
-79
301
102
461
46
351
93
-163
-103
117
-133
-495
-62
-253
-314
-397
409
-392
160
-71
-458
108
366
391
49
-160
-429
-310
-326
449
467
-226
-317
385
-410
-286
429
335
-492
89
-99
-160
-305
-169
192
-113
296
-479
103
91
-104
467
181
-188
-325
3
-47
-366
-355
163
188
285
199
278
-240
-39
-41
346
-497
233
324
478
211
201
188
-371
-46
301
-329
-134
-294
-448
-277
246
328
-411
-154
-79
353
-465
383
482
245
-167
429
407
-400
-123
-28
378
-469
-94
59
-231
-323
-152
369
95
292
-120
-40
-239
193
-147
415
-27
-12
-222
439
7
383
227
411
196
477
234
21
-372
-45
-294
447
229
-1
-300
-199
-5
136
308
-115
353
165
103
-102
-285
171
-379
-374
-387
491
5
99
276
496
385
248
-379
-19
-56
-403
-184
345
-134
-157
-120
274
-228
412
-63
329
146
-7
-170
-143
-132
456
-339
373
20
437
271
-128
262
343
-297
244
-330
-216
209
428
-25
217
143
-319
100
436
-193
134
255
202
-238
-324
-100
-81
-215
-130
465
-468
430
35
-5
-201
299
-224
-321
-385
-9
-490
389
240
329
-315
-496
175
8
281
-90
132
323
323
-443
-97
266
229
275
216
287
-129
21
265
-419
123
-387
-323
-391
-85
-210
438
347
9
-327
-346
458
236
-278
-349
253
12
282
-350
22
325
-104
128
46
346
-120
-421
-159
449
26
84
113
-150
201
-59
-75
62
-61
-236
-5
36
124
-144
164
-358
352
439
-196
279
-222
326
-207
24
161
-442
428
-128
-218
18
415
460
-244
142
423
350
-418
-60
235
317
20
347
-52
218
354
470
-308
-471
-310
93
297
-260
-440
326
88
295
-344
437
-258
-125
-147
-227
14
25
455
355
75
-8
171
99
-29
421
287
-477
-124
-384
-314
-249
317
-252
179
-401
19
15
77
486
91
-23
-86
209
-86
416
-280
244
-155
360
67
-324
-389
-87
500
321
205
-89
390
102
313
-298
-80
308
-193
-233
246
343
363
96
-376
-367
-134
86
203
98
-207
295
-340
423
382
285
-262
311
-143
-258
-323
78
-104
126
-410
-259
411
-71
152
49
418
-151
272
-166
-474
417
-49
-376
-184
426
-180
-281
-284
-296
-166
164
23
79
397
-362
100
-485
107
-440
345
-275
-262
203
-131
-54
-93
146
-51
-31
-254
-423
339
-318
-52
240
-350
-118
368
-278
-173
-330
-445
167
-44
467
-314
124
-419
143
490
-36
64
341
-51
-90
305
-285
-363
-57
-387
52
216
-101
247
-201
392
-59
12
53
448
-436
-9
-368
400
174
-130
29
249
-22
-137
-196
-359
-86
484
95
434
-385
146
-4
-159
-293
-63
101
-13
-92
-387
255
-323
137
182
450
348
89
56
428
-65
363
-379
-126
140
362
-207
-85
25
-320
-116
-172
119
-457
287
43
111
249
-89
-360
165
-437
293
18
60
-353
180
256
175
-197
-35
12
-134
108
-46
-248
-460
312
173
-141
-333
-481
463
148
-326
-406
-351
152
150
-404
-361
332
-290
455
-397
-177
-433
222
220
93
-177
-383
393
-225
332
-425
-138
-415
294
361
-28
-281
-225
185
100
-294
322
-58
-134
171
155
-317
-14
149
-123
-287
290
-295
-130
-66
64
446
-114
316
-401
-280
264
220
-97
-80
-293
-152
412
192
-304
478
-159
-496
-375
-198
470
357
382
-112
409
-370
406
-472
8
434
334
238
66
-317
-400
239
-276
47
89
-63
-386
169
72
344
454
-462
-84
-44
-122
-316
482
-30
319
-327
263
-80
-423
319
-378
-153
115
-491
-50
110
148
-49
153
42
459
-454
-49
38
208
153
40
-477
-36
-255
180
-60
321
496
129
-293
-119
444
402
353
-488
-359
95
364
0
69
-385
-471
-274
-63
-7
-278
-283
-232
-89
347
407
-167
-487
427
-456
344
-404
225
18
147
289
106
410
-125
491
-196
-38
319
480
-335
-279
-174
-61
76
-227
-479
-57
214
18
-262
102
338
-430
-276
287
-45
452
234
-290
-486
-281
-490
-460
-336
62
-233
-364
-92
202
-341
-212
323
315
-217
-44
-341
-206
365
481
311
255
446
230
119
87
-178
-94
-56
-85
-93
164
269
-91
500
48
70
475
136
-203
420
168
426
431
-417
-193
-242
-57
20
-184
131
-152
223
-197
-102
71
115
-107
205
358
-418
394
432
487
-20
-133
-316
-375
-186
302
-66
78
-383
-61
-79
-54
-388
-260
-224
-316
131
390
103
-2
449
-335
80
-19
-83
60
24
413
-250
320
454
272
17
-173
-233
-278
19
-397
14
-36
65
-436
-100
364
-416
490
132
70
-244
14
202
-113
-136
-57
-313
-457
-38
206
135
228
434
-364
-27
306
-383
413
240
-122
-158
-485
271
-432
-495
72
344
449
443
-29
-335
278
-26
-81
146
269
476
376
256
-110
-162
223
-13
14
-357
-436
369
-271
210
284
-311
115
163
277
-102
405
133
-365
325
410
260
497
158
-446
487
-405
89
-13
-267
-198
-128
-330
-27
-7
339
384
190
-63
-465
159
472
-267
-65
3
113
-280
80
289
202
7
-125
102
-131
69
-198
287
396
109
100
131
-83
-82
-313
477
472
-339
-427
108
370
-375
-372
-420
-487
459
-339
-481
-173
411
-313
-360
458
490
-5
223
24
-389
230
222
205
-118
43
333
-130
347
10
105
374
44
31
163
103
-282
163
288
-321
162
-443
-483
233
-131
-471
-415
-356
-437
193
346
442
492
-476
481
194
105
-228
346
300
118
-124
106
23
94
175
200
247
312
64
-165
368
448
-82
-87
396
353
-416
393
330
301
-391
329
254
-481
-252
-146
212
256
-235
-122
-295
-489
-382
5
-226
-337
-368
-468
-282
-362
-348
94
453
-433
295
-491
-403
104
409
-113
395
328
48
397
351
83
-171
-460
466
295
-432
-304
-390
-184
399
-256
-231
-364
-236
-57
300
-347
-14
-344
183
255
-250
293
-312
-439
-350
397
-37
175
-35
218
419
400
-97
467
-407
189
479
155
-234
-324
-293
19
43
-195
463
336
-382
1
433
-478
357
489
30
497
232
-32
-101
-292
200
-89
81
-88
491
300
-432
-267
436
162
-26
393
317
428
387
-79
-52
-12
399
382
215
52
-16
-310
-469
142
-49
-80
-179
-192
404
95
-297
85
353
495
407
418
-11
-268
292
-68
346
-55
-452
-140
-115
129
-364
-22
217
455
-57
295
-76
-236
-294
-40
-227
-275
156
198
-46
-120
39
174
132
-257
471
-387
34
19
447
-427
280
-462
381
84
114
424
-491
371
-201
278
-193
-133
-329
300
-439
69
-176
-225
-264
-97
294
-462
-238
-212
479
98
181
-321
66
190
-254
445
363
-312
495
481
-289
136
-75
-308
101
-97
145
474
117
-453
16
-198
-175
-381
-265
397
83
82
88
134
369
-208
-1
342
122
239
-40
434
407
400
125
-164
298
32
-52
461
335
51
-333
-125
-366
201
41
77
410
-23
276
137
62
239
377
-450
492
223
239
163
451
166
-236
-146
-373
-375
-398
-253
-174
-451
244
-254
251
140
-65
-426
-295
236
-413
-439
42
-436
-379
463
255
292
-124
60
470
-255
277
492
308
-74
-184
-494
-176
435
-14
360
374
8
476
58
431
307
266
206
-81
24
-352
-333
450
355
422
340
281
136
-477
-105
-4
-170
-365
259
178
191
-448
12
-118
81
391
210
420
-237
3
-373
342
-410
-351
353
226
247
214
-195
234
472
-344
71
-457
-115
455
162
366
-105
-274
-204
-78
57
211
-479
-369
441
96
243
409
-50
-181
204
249
251
-306
-394
224
-38
-267
-191
184
-114
422
38
36
391
139
169
127
69
-499
244
-166
498
400
-275
11
-237
-325
99
-331
373
291
301
-96
-258
294
53
28
-352
-401
-126
-25
493
-82
452
-242
-223
196
-14
310
-119
-213
-197
439
-253
-191
-384
-251
283
-51
-463
-198
441
144
483
137
233
16
275
-73
261
-23
71
-46
95
-198
-332
274
379
-159
-38
-164
185
107
477
-354
335
361
309
385
276
420
202
-408
-23
443
-252
-59
92
274
441
47
-130
-259
-122
-172
-268
-431
267
128
-171
359
207
23
-436
-370
-233
364
-423
-124
355
-33
-437
-138
495
-416
419
52
346
67
188
-495
-379
61
129
-483
-123
-174
-260
346
468
-371
-244
235
-486
-61
233
167
-293
-148
-383
215
12
-154
404
222
86
-256
176
-320
63
333
101
109
52
-376
241
-330
-493
-363
-22
-289
-476
319
356
380
405
484
-483
-13
191
-57
-262
480
448
37
231
93
433
-465
-26
-198
-64
-70
-446
97
494
174
480
319
308
-382
48
-161
144
-65
-57
257
-131
-235
-211
-289
-86
290
-65
-402
-27
-217
-395
-322
178
141
-181
-16
-261
-15
55
-88
416
404
-102
-151
442
-211
153
47
-190
-414
228
-283
-329
29
441
-474
367
-429
-145
-205
280
-145
-69
-115
-437
480
377
-383
398
416
-235
-457
-316
59
-78
476
-71
201
-69
-7
489
450
-301
438
268
-205
-432
-488
452
-41
-181
-215
-443
283
-175
346
-37
-166
48
384
-462
79
339
396
267
-410
-118
-160
-463
340
447
-258
-379
461
-416
-424
285
441
235
75
-385
352
-240
498
-460
365
-121
42
405
-336
-47
-72
-121
-312
293
397
303
321
228
-173
314
112
-30
207
-439
-149
-381
302
128
339
-301
-95
-270
29
477
195
436
392
-24
-352
-299
227
-278
-106
-211
449
297
-261
-93
453
453
-190
-54
-430
121
-292
412
-24
360
460
-119
-28
-197
-478
-239
456
418
201
460
-149
463
204
70
252
-391
-31
-435
-213
-406
135
337
-377
-265
431
-20
-38
225
131
315
382
378
-316
50
-402
-6
-155
-422
-188
-460
-485
-481
-199
-117
29
-138
245
331
400
95
-449
144
148
-306
324
-155
51
205
-11
283
-249
192
-181
-165
497
-379
-118
367
-74
389
-87
-325
494
64
-65
152
-142
224
-338
-449
-211
111
-260
-273
-360
-193
-414
88
186
-322
223
-367
-33
124
123
194
-229
-48
293
374
239
-106
48
115
24
251
-331
-399
-176
-6
292
368
-168
450
-424
-239
181
358
98
-77
-219
-135
-223
79
229
180
192
-27
-10
-482
-118
372
-281
-293
461
-474
-237
10
170
466
341
-197
-291
63
104
-120
-297
56
-300
-396
-201
491
-360
-131
25
389
433
-127
-184
91
149
405
332
-490
95
105
-288
-330
151
341
133
-486
205
236
-250
-26
353
-373
-345
324
193
311
-175
331
303
474
130
500
41
-367
153
216
500
328
-231
387
-48
-297
-252
364
-73
-404
-41
-350
-144
274
-174
-203
264
-314
305
-168
362
466
2
-141
376
-3
-383
253
-118
-336
105
-385
2
455
-334
-499
-122
-180
-190
99
388
-88
257
211
500
187
220
-18
-13
-190
472
219
392
413
18
282
-343
-77
249
-430
438
298
286
302
310
445
-188
-136
160
-71
13
168
183
116
-94
-66
122
367
-415
-261
154
-349
-378
-371
485
441
268
232
-262
-299
267
-101
-11
344
-205
155
-199
498
90
-286
-453
-12
18
158
-432
-79
72
-39
-295
216
0
319
351
267
-396
376
-211
492
-35
47
-118
238
-474
375
196
201
-251
-37
474
-174
129
130
161
-9
206
435
-468
217
-441
-82
203
-165
-193
-482
146
-162
-27
-397
163
-240
-100
-31
-107
53
424
20
460
-2
185
346
-380
456
198
53
-86
472
291
148
34
450
411
479
36
70
479
286
-278
219
-477
-424
-373
410
-147
-157
-67
441
-460
-207
-245
340
-110
-138
0
487
62
22
402
-466
148
492
114
295
-290
-261
12
453
-428
-495
-241
133
-385
-93
-383
246
-240
10
408
249
284
496
371
321
-343
-436
90
144
78
-236
-59
334
-381
96
406
-461
-172
-350
464
-440
159
-492
74
-299
413
-237
329
-218
485
393
290
-135
3
-407
-312
28
105
216
314
388
209
438
317
-465
102
78
77
87
-118
-4
74
72
122
-446
-400
-136
-473
-376
-60
318
271
105
428
-409
-101
168
-469
494
117
484
58
-205
-148
-93
180
-30
24
-40
336
22
-184
78
9
177
104
209
-345
397
497
292
8
291
-186
65
-411
15
350
234
205
461
109
152
-49
-348
-178
137
-166
-19
-166
424
-489
-192
-219
-382
177
-300
331
212
328
432
193
-292
281
-306
149
-37
-203
489
-439
425
-361
-397
-380
118
-10
241
-51
201
261
347
-135
53
-271
-395
-142
-465
199
-191
-117
159
-242
-360
-461
275
-400
-69
-411
-428
-199
-232
-54
-34
495
295
390
-198
38
284
340
-409
-143
-391
141
-146
-149
-59
-397
397
-162
342
-451
-331
280
-192
374
-265
426
-377
-464
-352
-232
14
-354
-386
-90
152
113
273
167
342
-270
-386
-360
76
-184
412
-265
328
47
131
-287
111
-472
-463
-107
-475
-37
-238
-223
264
-187
51
393
-404
-22
20
299
-491
372
-226
106
-108
174
438
231
-364
155
-188
-298
63
220
-141
145
346
-205
344
142
332
-290
-222
13
23
338
-361
335
165
104
-418
-79
-361
-467
-16
478
-223
362
-28
295
-169
-84
65
363
-499
350
-364
-416
-230
445
37
298
303
13
-213
450
-400
219
69
46
10
-242
-179
152
-382
399
23
-238
108
45
216
6
-240
-187
141
204
309
-444
310
467
-116
263
140
441
366
-23
82
-309
379
-264
97
-27
-37
-406
472
-95
-441
-85
61
-391
250
-267
-234
328
281
-377
173
220
-326
-306
351
-405
161
-141
-255
-29
178
259
475
49
-386
262
-9
-304
-25
67
106
486
474
-106
315
83
-137
64
315
178
-326
-176
-304
435
-203
-347
113
109
113
429
-221
-157
-312
-329
147
147
-115
-91
-94
-303
453
-373
159
349
-209
-231
-258
-254
-33
311
436
-341
116
-17
-152
-148
370
331
351
391
154
419
182
131
-124
-375
-212
-303
-272
-363
-245
109
-343
203
-283
333
-86
326
51
-290
314
421
3
-234
329
-149
-326
-283
-341
399
298
-237
399
-41
410
142
257
124
-177
63
-129
-98
-229
-419
-5
172
50
-120
204
-217
-186
39
-125
-197
-366
-109
41
-305
-265
426
305
-309
443
329
351
-160
419
-253
304
218
-271
-61
-475
320
86
53
-297
55
-364
124
-115
-197
111
-173
-283
-288
-230
-402
44
479
360
148
-221
-105
451
-118
341
389
348
499
1
5
-485
-400
-410
96
-174
390
79
151
21
-427
189
307
-112
313
313
-468
442
199
-192
172
-330
274
-13
-477
-437
-203
-349
-122
73
116
98
-47
-411
272
-372
-92
-441
-234
-127
-444
-3
-121
-326
-472
-197
97
22
328
15
-279
398
285
3
-155
450
395
10
383
198
438
-486
258
485
492
114
-88
495
-185
-166
-209
-474
2
-230
19
-240
83
-99
138
-189
231
-226
385
450
173
326
-66
80
-487
278
-223
-426
-432
-282
399
-189
-416
469
407
249
209
-147
302
-475
-208
391
-14
35
-415
-192
315
374
-251
411
461
174
107
425
474
481
428
-42
282
-487
-239
-244
-84
-444
-180
-189
-167
-67
-296
-323
-145
-221
387
-318
-309
-147
-43
224
-451
474
-481
175
470
-306
152
-447
-465
440
225
456
-477
-345
121
122
-63
498
-188
391
-394
452
451
47
-361
276
32
76
-363
-463
237
147
496
285
-451
-395
-252
-174
16
-330
-475
-411
492
-92
301
15
-224
-110
-441
206
19
206
-264
50
471
-52
303
21
126
-388
-440
-382
216
-410
-149
-13
-390
-168
-464
219
-441
18
-293
51
-430
-495
-133
-331
-395
376
-436
-289
-52
116
-280
295
84
-362
-468
-401
208
428
-145
-353
420
341
360
248
-246
291
-449
62
-50
-431
-490
-421
-376
160
221
229
367
47
-230
356
434
-115
481
455
-342
146
-199
-17
97
-172
297
-279
-276
-371
-181
225
-253
411
75
19
347
143
385
481
129
-231
-373
-67
-52
-377
-193
451
-59
170
-240
57
-413
352
361
-196
178
-113
-462
148
-450
89
-366
-120
-215
99
-347
108
-133
333
-408
-164
-159
-69
436
-344
-357
-279
410
-305
-309
19
316
-418
-130
-329
387
21
237
483
213
-76
147
-299
25
-472
37
-221
-397
-380
-280
153
450
-287
-209
-187
-470
232
-373
-18
-358
-54
95
222
429
69
-396
-64
308
401
132
454
-1
396
416
151
356
-435
311
66
-191
-396
-461
392
38
70
-98
-111
304
-164
131
102
-284
339
-386
182
-417
-217
314
285
383
-410
323
366
-229
-196
440
88
413
168
-14
67
451
143
-133
481
428
-477
410
-495
-222
489
421
-186
376
-300
274
31
132
-76
326
458
229
-41
167
-42
-61
-40
228
-437
401
426
-96
-448
-325
170
-277
-298
231
-326
-496
125
-41
303
275
-138
32
182
-436
-448
-399
312
-112
-370
75
-446
-487
120
-420
-300
117
359
-282
-462
479
238
-403
500
-366
286
-370
458
211
-478
-103
149
-190
312
33
283
-309
-1
133
495
-496
16
-65
464
415
318
-473
-104
244
-174
-257
-91
449
140
-331
121
228
-278
322
-67
127
-43
337
-457
18
-432
-18
-266
-176
-57
-151
164
-355
-174
-300
-350
-270
232
-388
414
-423
291
346
-468
-362
-439
-461
-473
-476
-17
156
-305
-431
408
-346
319
69
-48
344
-68
464
-200
336
-419
-308
-43
446
459
131
40
411
-333
-198
136
125
151
-499
-108
-163
459
-37
130
-38
-221
195
424
325
-262
-99
-93
383
-407
107
-245
-372
-456
-95
60
159
-4
61
143
-188
-203
-274
-329
89
-313
-464
417
398
-16
204
294
-161
-81
-280
-55
-329
429
-126
-136
-270
-255
-404
-184
415
-96
381
-160
204
-433
-460
45
-474
75
-341
-400
-282
-455
-214
-74
-188
-391
127
-353
408
280
37
-184
-433
497
276
-87
-402
16
-441
-70
333
-166
111
-382
419
464
129
465
482
-440
491
384
6
-264
-65
-270
88
278
432
441
98
144
-154
206
-344
-169
364
-388
237
-454
-331
-5
241
43
178
13
-77
-136
402
327
412
432
155
304
297
-57
55
-272
73
-324
-407
-271
343
400
-24
346
83
480
500
362
14
-322
342
-339
297
326
-349
-186
177
378
218
-462
153
3
180
-258
146
20
431
475
-271
395
426
29
470
363
-307
20
66
130
-299
353
277
499
315
-433
-338
-291
393
57
-467
-493
-230
210
-27
180
197
-83
-27
321
57
97
-398
488
484
197
413
-112
281
-499
14
-128
-39
93
324
12
425
-32
-236
197
131
-433
-380
-313
216
-404
296
94
363
-213
199
419
-264
-276
491
-224
435
-150
-85
368
-336
-423
-35
370
-230
-162
-134
204
439
-500
198
142
260
-15
-339
433
394
-434
193
364
152
-190
252
-184
-336
453
477
-141
393
-311
39
-19
-344
-309
-366
318
160
-78
102
288
84
326
-494
254
-338
357
-278
170
-148
480
284
52
53
-298
87
-281
411
-415
123
-462
114
-465
322
-139
-168
-34
86
-462
-224
-351
383
397
482
277
-132
-384
-188
443
-267
479
80
-38
-500
-482
-300
494
-348
456
-368
-366
30
-45
469
439
-304
-462
494
251
1
-463
-358
260
-191
-51
261
34
-251
493
362
-289
-473
279
-369
375
163
455
427
-354
67
-112
368
117
-348
333
186
190
473
-30
-147
-33
-89
212
407
-410
133
-332
399
33
-63
7
386
126
-100
193
451
-373
286
11
-322
345
373
-196
39
-451
419
-449
-133
-274
-173
338
45
-45
-384
433
15
-371
-113
-64
-499
-256
204
375
79
-17
321
105
-376
296
-442
195
103
259
-21
265
87
73
-85
-103
-442
-191
-283
86
474
-122
-433
468
-276
126
-159
-428
-130
-144
-459
-116
-123
257
-381
-326
-474
107
478
41
-109
213
487
-3
-40
-251
346
-386
309
47
288
409
476
52
374
-306
-195
-408
-65
440
-27
-283
221
170
-164
-175
-247
412
-280
182
-437
104
-451
-408
127
348
-162
-317
-267
-240
244
-84
-334
90
-262
-338
189
-25
-60
-170
-349
-363
403
38
7
-481
193
237
-254
-488
71
-166
114
278
-29
-407
301
-234
-301
284
-97
171
228
-70
401
131
-112
-211
-129
-72
-373
324
-209
-324
-43
468
251
398
-455
-222
-163
-125
-61
385
371
362
130
-173
425
-89
310
160
206
302
258
-1
70
-411
331
-418
406
231
-499
-403
-76
-344
-213
414
213
-109
141
361
-47
-453
-269
138
-383
-380
451
381
-499
-196
165
461
-376
219
-31
186
359
-157
-20
89
195
31
-305
409
-393
-305
-184
353
-425
123
-460
-378
-115
225
351
-358
-44
451
467
-242
-26
-285
-481
248
-261
182
430
429
297
14
394
-274
386
-56
-432
-327
229
15
66
448
160
311
400
-321
-356
184
199
-232
-336
36
-456
-460
472
371
494
-483
375
165
396
-184
102
288
255
392
-324
39
-342
-452
46
352
366
-341
273
-482
165
231
-184
270
361
178
-132
-471
154
81
-291
-294
458
-178
-277
-350
46
259
218
-200
-213
345
-488
-161
-385
236
333
-333
386
-206
-117
14
-30
-114
114
411
370
-180
-478
-298
-85
449
-28
-97
-296
-41
369
-227
-69
-237
16
-124
-228
486
258
-174
216
-300
-137
-18
90
102
315
-30
12
-105
-39
-166
104
213
181
22
-199
-400
-485
-14
239
392
297
-329
-108
74
-442
-132
-140
-83
342
-115
376
380
308
296
161
-87
168
285
-272
-441
124
-156
-72
163
82
314
63
-237
-197
-262
7
398
210
-272
-76
100
-232
-454
84
-117
-79
368
435
-259
-368
-243
487
-201
-395
-394
70
-435
-337
-126
-183
-453
-64
209
-19
-88
341
-226
16
111
-330
69
310
-399
160
-197
126
191
-224
-490
-98
355
-452
-492
-156
172
408
249
-153
-26
-145
-285
-362
349
-322
-15
-21
107
-22
220
103
107
-446
-415
-156
100
-278
36
-156
-180
-397
487
-313
-308
-280
374
-343
-318
-186
413
-77
19
-161
-292
-113
-274
-211
-84
387
-385
-83
-20
284
459
476
116
125
280
-342
414
-432
54
-321
160
-244
-4
-202
228
-367
390
328
111
-8
76
199
96
59
-291
-359
-305
-21
-453
-213
221
331
-485
305
492
14
-36
228
168
251
128
70
-279
-283
-300
136
13
22
347
-187
-474
4
-347
129
490
158
301
-428
-122
-383
22
39
-338
351
59
-500
-96
-140
-402
318
-493
157
-471
-424
191
-198
74
-345
375
-143
483
-160
-314
-103
-215
62
264
46
-417
126
12
355
269
-357
115
106
281
244
359
50
297
-94
-35
113
-266
46
-298
-236
-412
-83
38
-257
-92
393
-206
61
-353
-460
175
-332
163
-233
91
29
282
-166
-341
-83
91
-209
-13
8
183
16
-158
-269
-116
-46
-48
-94
-233
-419
219
-466
177
-127
-146
334
-197
-221
222
-142
53
22
-16
183
384
-216
251
423
38
-13
471
-281
-253
212
233
440
31
145
-240
132
124
-6
142
148
45
-256
-437
-232
470
292
-247
344
-477
177
388
-245
-476
-214
216
-45
70
-244
73
-406
-449
322
479
-352
43
449
423
327
-294
311
-370
435
88
409
-431
236
306
-388
210
-32
395
214
318
-125
-325
-135
-499
-107
164
397
-118
-165
-472
253
121
343
-21
20
20
316
-140
-230
-104
183
417
4
394
129
-19
299
-106
-327
253
97
92
-155
-411
418
467
-138
-109
373
73
-306
-21
225
26
-34
195
-491
165
184
-341
302
96
173
-438
-374
217
-419
331
-63
115
397
331
-97
63
-118
-393
-134
-106
414
139
-320
-362
-208
-305
159
-91
345
-178
40
223
60
-398
-106
-67
-102
270
-215
272
-462
-482
325
217
-53
418
420
-237
-496
-226
12
-474
463
-12
-147
-110
-49
273
-409
-411
-332
-466
151
422
-16
-417
395
-49
-454
-339
50
-81
-138
-262
270
-210
-326
-94
441
-181
-332
-495
107
-322
494
-273
498
-225
-83
360
-389
361
3
85
-380
-21
316
-345
15
208
482
-245
-31
240
-461
138
-78
495
19
-160
-171
192
-404
-498
78
-209
-456
-390
-333
351
90
10
-82
302
-305
64
-392
64
54
-202
304
67
95
-187
-412
-260
-388
319
-373
-374
354
-493
366
339
-330
-87
262
1
-277
-165
-51
-414
80
-137
-105
348
338
-35
-262
-68
420
411
155
-459
-348
433
390
-393
-16
-447
143
194
-238
318
-83
319
45
-482
-159
-444
381
-278
422
479
267
-146
-17
318
196
119
133
24
274
403
-47
378
-75
66
-189
-289
-119
270
-249
193
-333
-137
194
-191
159
-276
122
-381
-311
-175
17
351
497
-311
-446
-404
341
-440
20
-44
-442
168
-125
-374
183
-190
-300
125
-395
356
170
-203
449
206
-124
410
-295
-140
352
353
-265
-87
-1
-109
-109
-339
24
-477
102
150
75
349
451
444
38
-267
189
112
-3
-480
252
-322
364
-368
-355
-47
-267
-485
-115
-53
-499
318
-411
19
-338
244
288
429
-315
186
395
-372
364
-460
340
16
298
398
-176
-73
240
293
49
-174
-286
14
-242
-134
-450
-396
89
-496
102
329
-28
131
161
140
-277
-184
212
165
5
201
-239
-220
-159
-251
206
88
-497
-427
-145
-162
-233
214
-74
-48
-9
-123
482
-181
-361
213
75
-137
-374
108
-378
-367
-330
-499
-132
-392
-455
224
265
279
-109
-430
-431
-19
-16
79
-128
421
-396
247
-152
346
492
-380
-149
471
323
463
318
77
372
-285
-189
-329
-449
-45
-120
-147
424
-488
-139
-76
-48
473
343
-370
-77
411
358
79
-473
-133
-150
270
320
45
-18
236
258
-311
-24
-213
-318
-91
397
217
-194
237
210
362
-242
93
-330
265
13
-228
403
-48
136
77
221
420
-18
-450
-307
-85
430
-307
339
-235
-131
-419
-192
-104
232
-486
248
-225
132
104
138
-297
159
338
246
-447
62
356
253
485
-195
390
107
-33
43
-370
193
323
-492
198
110
-220
500
404
173
-251
225
-420
39
-352
-428
-125
-422
-255
-147
-338
10
102
14
216
162
-73
-277
-286
-340
63
75
-245
433
-175
-366
-226
297
424
-263
455
-321
29
112
-145
339
-432
-255
98
-40
337
-246
-486
-439
-195
-243
73
-270
-30
-107
-370
311
85
-213
435
397
-217
-233
-432
-37
207
416
278
358
70
462
174
382
-119
-137
-153
-328
147
-349
481
-102
-373
100
-10
461
472
11
234
-128
-480
-4
-466
-13
-457
-179
275
360
-31
-121
-263
496
-89
142
-226
185
24
-102
-171
-291
447
-151
214
411
103
472
419
-393
-308
-384
-144
347
-179
297
-24
-329
-454
291
-274
-35
265
-392
342
30
-227
-150
-122
414
128
27
-324
-256
477
-198
63
18
-197
-163
-269
69
-500
-150
-84
-285
449
-437
468
29
288
-40
-112
-415
-235
337
-139
-46
44
45
-172
380
-191
-1
148
41
-257
474
204
203
-208
-308
-62
149
-290
11
-293
495
132
176
-118
-372
396
-315
-75
53
475
471
-489
-54
-415
226
162
-311
-430
-370
186
382
432
-12
-290
254
-339
-213
-466
486
-41
-467
-401
-467
298
-9
198
-272
397
243
-23
38
322
388
-409
-37
-244
429
421
287
313
-261
-351
-176
316
-239
219
344
-370
-368
140
-483
423
-178
-72
-82
-296
230
109
-148
-148
-251
85
-67
314
-411
180
419
-230
-40
310
-314
-398
-263
492
-368
394
65
228
354
-275
212
-82
-440
448
412
448
-38
77
34
-159
-423
-271
500
263
-43
-45
-445
272
94
337
316
118
438
-220
497
-441
178
-359
-16
-350
117
-236
150
276
132
-473
-366
-196
-24
231
228
-427
-7
29
362
377
480
266
-323
393
298
-315
394
379
-435
-499
-258
-34
91
-418
388
-46
-31
-459
-207
-89
-216
404
-112
-112
285
99
-6
52
138
-279
-19
-35
153
-112
-383
457
-411
-476
388
83
59
424
286
416
440
137
441
-378
-405
-481
452
217
103
-103
-153
159
-309
-481
-203
-388
264
352
-188
-222
-268
-199
-11
-26
-357
-122
204
268
-433
-493
300
171
320
369
-365
399
172
-478
361
-101
-58
200
-215
222
-41
71
-329
302
306
62
51
-53
496
449
435
-256
117
482
-483
416
-159
-135
246
15
472
358
-472
-298
-341
212
61
99
-446
174
-2
-448
-485
-378
-330
-162
356
-384
-131
-492
-12
345
221
-328
275
-252
65
352
-391
-205
126
275
28
-440
-273
191
-102
90
143
-449
456
-404
-234
-99
-26
-96
-425
-123
197
-82
417
5
48
127
-284
287
-174
-246
371
319
-258
-62
133
-243
446
32
154
246
86
-302
346
-336
365
-5
477
-491
-376
225
-75
-333
-368
-142
-316
-243
-192
117
-396
464
126
91
100
-195
215
309
-180
-215
-40
-118
358
-312
455
237
-407
361
81
358
-373
-473
446
-466
-194
328
-454
-83
431
143
-217
306
-361
-252
-281
400
194
-420
246
443
160
-170
-490
354
226
146
221
335
377
12
265
218
-219
180
37
297
50
-128
429
118
-183
-370
-73
371
182
-338
-99
-57
93
-453
174
-417
-302
-19
-224
277
-450
369
98
-410
280
196
-317
291
-354
173
-157
59
379
-2
62
-176
-205
395
144
-293
-97
-309
-425
15
9
-459
185
-84
-87
-11
-143
-120
-127
-477
224
16
-396
-185
-54
-76
-404
-494
193
33
492
-220
353
70
494
-401
236
169
346
-497
275
-57
-101
380
260
-99
278
203
312
345
-330
-124
101
-416
-195
-349
-228
136
377
144
172
238
-67
224
53
-283
427
-372
145
-78
426
-165
162
-81
-152
366
-119
-324
116
251
137
473
152
-178
-91
95
15
69
-221
65
464
-131
-201
-371
260
-33
156
-72
-312
155
377
206
-85
220
284
-13
-2
-428
-236
-397
408
-1
221
-86
-486
216
408
92
385
68
-154
403
82
-41
-293
-376
-252
180
341
12
323
-445
-139
-197
-246
217
175
54
-482
93
-137
-382
-480
-334
-347
-385
-434
-313
-182
109
-245
30
234
419
320
-203
-368
-164
-298
-402
-315
-326
280
402
53
108
244
15
-310
-64
268
-448
-418
1
56
-282
-484
-435
-333
12
469
456
-254
197
218
-342
-144
-458
-486
308
-66
-256
142
-450
-129
429
483
-243
-255
388
336
63
393
-202
-488
-475
83
443
383
119
244
129
-201
-395
440
266
223
-168
333
-216
3
383
-72
-351
-232
102
-493
-371
440
493
-2
39
-8
304
335
-490
-174
-46
-67
-121
154
-310
188
419
13
409
-207
-219
-345
-228
186
357
-200
374
-264
0
224
-350
140
459
196
424
-180
-170
342
-368
74
-317
33
349
236
-437
414
-54
461
-203
-226
-308
-268
-160
-81
-41
-416
-458
6
-156
280
268
211
25
10
-132
-426
447
2
-153
-85
-189
420
261
317
361
-321
264
243
-217
139
-210
-166
-371
332
207
-77
78
284
-51
363
252
-16
405
-462
222
-147
338
-454
-7
322
69
-222
398
-330
-230
268
408
-189
-74
439
-87
-245
336
-278
98
-201
201
-429
82
110
218
-72
-186
-343
496
152
-104
103
-229
-111
319
167
319
201
-16
-238
92
72
-331
191
-344
-167
-340
189
-469
-53
314
-53
-140
-154
397
-269
118
-18
2
-430
40
23
471
39
-100
172
252
289
-155
-426
79
-60
-448
-143
498
-28
420
500
383
395
465
474
469
-291
-216
223
164
156
441
4
205
38
227
-421
59
388
259
58
232
103
-212
-370
103
13
414
-404
-332
-208
-381
-109
283
470
-64
-28
142
190
258
-117
461
111
-126
-288
-297
377
325
-324
-285
-187
-267
-351
500
-282
304
-322
-323
471
203
-454
66
105
47
296
-7
35
-248
171
105
337
298
196
163
-65
-400
430
277
-24
-71
-203
-348
78
-205
-352
209
105
-45
146
252
-130
477
85
0
402
-449
466
209
195
272
-150
372
319
214
-45
-80
-460
-87
-322
-262
-250
316
173
222
366
-304
427
-347
445
-104
-78
91
378
227
54
407
-448
-400
-116
171
-140
15
-253
-444
41
486
228
299
91
-228
-67
-17
321
-103
115
446
124
109
-445
-103
-30
-148
69
201
-188
339
-301
39
102
107
-430
39
324
-283
-326
-172
453
-418
-67
-417
78
324
-449
-37
-480
59
-72
-346
134
472
58
273
153
-115
445
59
-402
-159
-192
-218
-30
-356
469
200
269
106
-423
411
129
233
-98
495
268
-139
-455
484
-370
402
496
-226
256
-36
427
422
386
-198
-405
229
289
456
39
485
342
328
347
323
-121
-264
-389
131
238
-299
367
105
368
-293
418
110
-331
29
20
352
-361
-17
-308
-164
316
76
-310
382
-344
22
330
-448
384
-37
-210
275
-480
219
-318
132
432
-142
-225
-41
-150
-81
258
349
-344
-277
-244
-168
384
53
-381
-11
87
394
-64
216
496
89
195
103
466
381
-369
378
-203
-358
152
70
173
130
-44
41
436
-112
498
-32
185
-60
-360
-36
-390
-211
312
-386
-479
345
-451
-188
404
494
-39
484
-191
-114
-189
-123
37
124
108
301
323
-246
-413
386
267
-141
-429
286
30
252
379
-303
-496
-304
257
-170
267
-92
386
-257
-86
43
320
340
239
241
-81
-431
-207
387
-91
-356
-440
-108
231
417
445
-180
-228
-368
19
492
-301
332
-185
-140
-401
-78
-388
198
-55
55
87
-176
96
138
219
-352
7
312
-346
329
210
359
405
84
298
234
-242
-3
323
-404
-341
-24
417
-188
476
-177
-345
2
173
126
-195
-50
213
130
-242
93
-256
-435
-238
323
445
243
336
412
-91
-33
475
195
-101
445
-74
434
-467
-134
149
354
-179
210
104
10
-401
253
-22
-59
-323
-346
-71
-263
-308
-251
460
-277
-10
-23
178
250
230
-361
40
318
339
160
-68
388
328
-455
-178
149
-378
39
-292
-188
-312
270
-427
-328
402
-219
-70
307
318
237
-86
-465
199
-307
-474
-74
0
410
-170
52
-192
127
150
270
-260
259
-316
293
-291
180
354
-279
-417
-471
163
450
-84
321
184
473
107
-151
215
160
-485
-14
-219
-1
56
221
-447
-219
-281
304
-217
400
86
-349
-27
-439
-451
264
-216
-112
133
-461
287
254
319
92
-151
478
-130
110
-187
-122
-123
495
-166
-333
-266
-145
-301
-471
-204
-115
104
-339
154
-309
-72
85
-118
-191
-396
244
47
12
164
136
-341
349
399
-171
-113
-141
-144
-176
-176
-454
-359
476
-37
40
-424
-313
42
-260
293
182
431
-417
256
170
-91
493
261
-319
-71
-383
483
-149
99
-285
-3
-427
445
410
-65
-233
204
89
216
294
364
440
-14
-215
-412
-170
-23
-429
-105
424
420
212
268
-54
-22
62
19
-45
-405
197
-155
455
7
-328
-436
358
22
-84
-435
-495
-212
404
-252
6
256
-15
-30
-442
394
-260
-295
-277
-366
-189
-32
-245
35
258
-399
-39
310
446
5
-48
449
-74
190
-15
498
-387
-416
353
14
-174
-229
-376
-386
213
-260
-82
371
315
-460
-412
456
-289
119
-376
15
-310
85
425
-231
276
172
-323
-431
-159
441
76
50
-105
-216
491
-356
259
-329
466
64
496
390
160
-116
271
-240
-420
-307
242
277
-324
289
270
196
-485
83
493
-271
-438
440
425
197
-375
372
473
-116
-131
10
30
-123
-316
-392
-420
-390
-276
271
310
324
-315
464
-403
84
356
-189
425
334
466
-26
-9
-392
-99
-77
-392
-451
-394
96
489
-278
-321
252
-60
-377
265
-365
-14
-117
-278
260
351
-170
431
-264
-139
323
191
-332
370
-360
19
418
-78
273
351
-307
444
35
102
-202
-493
116
-264
438
132
51
127
177
408
-226
-338
-378
1
-381
-60
230
-319
481
350
47
374
-410
-267
-90
456
-149
-358
-236
476
-340
-89
264
408
-85
-75
394
369
498
-286
-114
-263
329
285
-146
459
-151
-296
-458
-471
157
-288
111
452
-485
-202
89
-329
-463
292
21
450
447
33
-116
-67
-447
-160
-336
-69
-478
142
-380
405
-394
375
-322
-98
454
-217
-242
-226
-147
-91
253
-355
-475
-400
-290
-160
240
-256
-112
-240
464
-22
-240
16
353
-419
-213
119
168
147
45
-26
-358
134
-457
-316
360
20
69
481
358
-486
-150
260
220
-477
119
223
83
134
-398
-234
117
258
-20
-486
118
-377
-335
-311
-408
111
-28
10
322
176
-337
-13
476
-314
-92
-272
396
185
-389
-393
-78
-245
184
167
-236
272
-446
426
-195
-401
-225
-343
-478
-332
-477
-229
-470
333
263
-382
-386
-99
-352
15
263
-323
224
-175
-142
365
-249
-22
-144
-207
-375
-98
113
499
-91
-221
-351
-385
153
-325
399
377
465
42
-156
16
-342
41
-250
-424
467
289
230
-217
308
-28
389
292
-344
-41
485
395
-214
-299
-490
47
-320
-146
233
-362
478
172
-78
263
499
11
388
392
-155
-319
-347
-73
-313
-494
126
155
177
292
-484
450
-133
-186
135
-119
256
4
-187
191
195
55
-330
-465
314
-151
154
-157
79
-460
-352
-13
-368
-348
279
160
332
-300
-3
-358
489
211
-490
-274
227
-64
-50
245
-112
-54
-199
-389
140
-414
-164
-217
39
-135
-90
-241
238
-26
-43
143
-68
-347
-110
-198
493
-310
143
-390
452
-10
-313
-315
195
385
-354
421
-441
409
337
-441
155
126
-394
-91
234
341
-121
181
285
346
45
378
85
-83
-309
75
-469
-464
-371
13
226
-411
-237
-21
-17
-17
121
347
-46
10
438
-471
-391
-102
241
-176
-136
-480
246
-39
-142
350
-389
229
220
-37
211
38
-98
40
359
153
113
-310
-75
321
489
-425
-93
421
277
-30
-478
-448
456
418
128
412
-354
-84
81
-209
-460
-319
119
38
-404
490
233
375
-272
251
-207
350
-349
184
20
-266
135
71
-174
157
-252
380
241
330
12
-191
-4
-87
432
377
266
358
153
257
129
449
-489
-337
-76
-275
225
33
-7
208
-188
351
297
85
-443
-365
50
-489
462
-181
66
-19
447
-465
134
110
456
-427
473
-336
72
316
104
99
-103
261
9
-333
-343
398
176
137
-493
-13
-177
62
229
-472
193
388
278
195
99
74
-151
-242
59
-269
-304
3
227
-477
-499
132
445
112
-124
253
-29
-252
-120
-158
356
-307
387
-213
147
367
184
-230
-361
65
259
-427
-343
17
-233
-184
77
319
139
-352
105
96
441
64
-363
113
368
-19
-150
-144
-258
-240
346
-305
374
428
190
-51
-401
82
-152
-485
274
-213
-418
-279
-418
26
477
-108
-457
287
123
497
-439
-78
79
-258
272
254
-64
-127
419
112
457
174
397
144
-170
-205
194
-170
-428
27
267
-125
39
455
-459
-405
452
-384
454
-33
-54
-240
458
-116
58
230
330
-484
-89
265
-499
-482
486
-250
-313
228
281
466
-437
194
62
-257
278
-46
-444
-215
-152
198
-172
90
68
61
-130
125
187
178
115
-400
218
-288
-172
-15
-483
446
-190
-216
-439
-423
180
-496
-170
414
292
-209
28
491
-255
232
-145
28
-155
-87
135
-412
477
-110
58
114
-186
49
187
-472
-309
-236
-190
-318
346
-332
472
214
449
142
-81
26
-362
-314
73
247
198
-247
-408
64
-2
-266
-108
282
-342
-132
-115
142
166
-146
351
131
430
142
314
-124
486
-36
196
442
-432
121
231
393
98
-299
245
-497
47
-448
113
466
-66
83
490
39
-260
430
298
-466
-486
-212
70
-133
-120
136
-314
-485
-455
265
246
321
494
-105
26
-145
327
-223
-4
-156
-35
-19
332
164
-352
232
-117
-78
-317
-393
-328
-168
58
-90
230
273
-188
352
101
132
399
213
-20
196
381
-460
-372
-317
489
423
107
277
-154
-221
105
-276
-240
221
181
183
301
-113
307
-182
-185
-350
-236
5
364
-340
414
-487
325
-51
77
410
-5
-253
-384
87
224
77
-99
445
-123
-307
-257
-248
119
-321
-317
0
293
358
338
200
110
293
13
441
-446
-401
-497
8
265
-212
438
471
-342
34
-190
371
-366
-115
-335
303
-290
-44
-410
30
-467
-346
-298
420
-25
82
252
1
377
272
-343
149
-417
153
193
-169
319
366
-43
-278
491
-122
248
-110
111
-277
-367
81
-319
398
-96
227
-448
255
239
-62
97
-247
50
-240
348
105
420
482
-300
480
-263
258
-354
-212
-197
-345
-319
438
-462
69
-328
-84
297
486
-375
62
92
-61
-122
30
-34
267
444
-269
311
-164
200
-126
287
-429
213
369
-429
-244
-316
60
171
477
-323
-443
-1
192
-199
263
-119
-346
278
37
-123
491
